7 10 15 2 3 47 10 15 2 3 4
5 8 6 2 2 3 7
0 2 1 0 2
3 3
5 87 77 10 15 2 3 4
5 8 6 2 2 3 7
0 2 1 0 2
3 3 10 15 2 3 4
57 10 15 2 3 4
5 8 6 2 2 3 7
0 2 1 0 2
3 3 8 6 2 2 3 7
0 2 1 0 27 10 15 2 3 4
5 8 6 2 2 3 7
0 2 1 0 2
3 37 10 15 2 3 4
5 8 6 2 2 3 7
0 2 1 0 2
3 3
3 3 2 2 3 7
0 2 1 0 27 17 10 15 2 3 4
5 8 6 2 2 3 7
0 2 1 0 2
3 30 15 2 3 4
5 7 10 15 2 3 47 10 15 2 3 4
5 8 6 2 2 3 7
0 2 1 0 2
3 3
5 8 6 2 2 3 7
0 2 1 0 2
3 38 6 2 2 3 77 10 15 2 3 4
5 8 6 2 2 3 7
0 2 1 0 2
3 3
0 2 1 0 2
3 3
3 3 6 2 2 3 7
0 2 1 0 2
3 3
